80.0	2.087	1.696
81.0	2.092	1.698
82.0	2.097	1.701
83.0	2.103	1.703
84.0	2.108	1.705
85.0	2.113	1.708
86.0	2.118	1.710
87.0	2.123	1.712
88.0	2.127	1.714
89.0	2.132	1.716
90.0	2.137	1.718
91.0	2.142	1.720
92.0	2.147	1.723
93.0	2.152	1.725
94.0	2.157	1.727
95.0	2.161	1.729
96.0	2.166	1.731
97.0	2.171	1.733
98.0	2.175	1.735
99.0	2.180	1.737
100.0	2.185	1.739
101.0	2.189	1.741
102.0	2.194	1.743
103.0	2.199	1.745
104.0	2.203	1.747
105.0	2.208	1.749
106.0	2.212	1.751
107.0	2.217	1.752
108.0	2.221	1.754
109.0	2.226	1.756
110.0	2.230	1.758
110.5	2.233	1.759
111.0	2.235	1.760
111.5	2.237	1.761
112.0	2.239	1.762
112.5	2.242	1.763
113.0	2.244	1.764
113.5	2.246	1.764
114.0	2.248	1.765
114.5	2.250	1.766
115.0	2.253	1.767
115.5	2.255	1.768
116.0	2.257	1.769
116.5	2.259	1.770
117.0	2.261	1.771
117.5	2.263	1.772
118.0	2.266	1.773
118.5	2.268	1.773
119.0	2.270	1.774
119.5	2.272	1.775
120.0	2.274	1.776
120.1	2.275	1.776
120.2	2.275	1.776
120.3	2.276	1.777
120.4	2.276	1.777
120.5	2.276	1.777
120.6	2.277	1.777
120.7	2.277	1.777
120.8	2.278	1.777
120.9	2.278	1.778
121.0	2.279	1.778
121.1	2.279	1.778
121.2	2.280	1.778
121.3	2.280	1.778
121.4	2.280	1.779
121.5	2.281	1.779
121.6	2.281	1.779
121.7	2.282	1.779
121.8	2.282	1.779
121.9	2.283	1.779
122.0	2.283	1.780
122.1	2.283	1.780
122.2	2.284	1.780
122.3	2.284	1.780
122.4	2.285	1.780
122.5	2.285	1.780
122.6	2.286	1.781
122.7	2.286	1.781
122.8	2.286	1.781
122.9	2.287	1.781
123.0	2.287	1.781
123.1	2.288	1.781
123.2	2.288	1.782
123.3	2.289	1.782
123.4	2.289	1.782
123.5	2.289	1.782
123.6	2.290	1.782
123.7	2.290	1.783
123.8	2.291	1.783
123.9	2.291	1.783
124.0	2.292	1.783
124.1	2.292	1.783
124.2	2.292	1.783
124.3	2.293	1.784
124.4	2.293	1.784
124.5	2.294	1.784
124.6	2.294	1.784
124.7	2.295	1.784
124.8	2.295	1.784
124.9	2.295	1.785
125.0	2.296	1.785
125.1	2.296	1.785
125.2	2.297	1.785
125.3	2.297	1.785
125.4	2.298	1.785
125.5	2.298	1.786
125.6	2.298	1.786
125.7	2.299	1.786
125.8	2.299	1.786
125.9	2.300	1.786
126.0	2.300	1.786
126.1	2.300	1.787
126.2	2.301	1.787
126.3	2.301	1.787
126.4	2.302	1.787
126.5	2.302	1.787
126.6	2.303	1.787
126.7	2.303	1.788
126.8	2.303	1.788
126.9	2.304	1.788
127.0	2.304	1.788
127.1	2.305	1.788
127.2	2.305	1.788
127.3	2.306	1.789
127.4	2.306	1.789
127.5	2.306	1.789
127.6	2.307	1.789
127.7	2.307	1.789
127.8	2.308	1.790
127.9	2.308	1.790
128.0	2.309	1.790
128.1	2.309	1.790
128.2	2.309	1.790
128.3	2.310	1.790
128.4	2.310	1.791
128.5	2.311	1.791
128.6	2.311	1.791
128.7	2.311	1.791
128.8	2.312	1.791
128.9	2.312	1.791
129.0	2.313	1.792
129.1	2.313	1.792
129.2	2.314	1.792
129.3	2.314	1.792
129.4	2.314	1.792
129.5	2.315	1.792
129.6	2.315	1.793
129.7	2.316	1.793
129.8	2.316	1.793
129.9	2.317	1.793
130.0	2.317	1.793
130.5	2.319	1.794
131.0	2.321	1.795
131.5	2.323	1.796
132.0	2.325	1.797
132.5	2.327	1.797
133.0	2.330	1.798
133.5	2.332	1.799
134.0	2.334	1.800
134.5	2.336	1.801
135.0	2.338	1.801
135.5	2.340	1.802
136.0	2.342	1.803
136.5	2.344	1.804
137.0	2.346	1.805
137.5	2.348	1.806
138.0	2.350	1.806
138.5	2.352	1.807
139.0	2.354	1.808
139.5	2.356	1.809
140.0	2.358	1.810
140.5	2.361	1.810
141.0	2.363	1.811
141.5	2.365	1.812
142.0	2.367	1.813
142.5	2.369	1.814
143.0	2.371	1.814
143.5	2.373	1.815
144.0	2.375	1.816
144.5	2.377	1.817
145.0	2.379	1.818
145.5	2.381	1.818
146.0	2.383	1.819
146.5	2.385	1.820
147.0	2.387	1.821
147.5	2.389	1.821
148.0	2.391	1.822
148.5	2.393	1.823
149.0	2.395	1.824
149.5	2.397	1.825
150.0	2.399	1.825
152.0	2.407	1.828
154.0	2.415	1.832
156.0	2.423	1.835
158.0	2.431	1.838
160.0	2.439	1.841
162.0	2.447	1.844
164.0	2.455	1.847
165.0	2.459	1.848
166.0	2.462	1.850
168.0	2.470	1.853
170.0	2.478	1.855
172.0	2.486	1.858
174.0	2.493	1.861
175.0	2.497	1.863
176.0	2.501	1.864
178.0	2.509	1.867
180.0	2.517	1.870
182.0	2.524	1.873
184.0	2.532	1.876
185.0	2.536	1.877
186.0	2.539	1.878
188.0	2.547	1.881
190.0	2.555	1.884
192.0	2.562	1.887
194.0	2.570	1.890
195.0	2.573	1.891
196.0	2.577	1.892
198.0	2.585	1.895
200.0	2.592	1.898
202.0	2.600	1.901
204.0	2.607	1.903
206.0	2.615	1.906
208.0	2.622	1.909
210.0	2.629	1.911
212.0	2.637	1.914
214.0	2.644	1.917
216.0	2.652	1.919
218.0	2.659	1.922
220.0	2.666	1.925
222.0	2.674	1.927
224.0	2.681	1.930
226.0	2.688	1.933
228.0	2.696	1.935
230.0	2.703	1.938
232.0	2.710	1.941
234.0	2.718	1.943
236.0	2.725	1.946
238.0	2.732	1.949
240.0	2.740	1.951
242.0	2.747	1.954
244.0	2.754	1.956
246.0	2.761	1.959
248.0	2.769	1.962
250.0	2.776	1.964
252.0	2.783	1.967
254.0	2.790	1.969
256.0	2.798	1.972
258.0	2.805	1.974
260.0	2.812	1.977
262.0	2.819	1.980
264.0	2.826	1.982
266.0	2.834	1.985
268.0	2.841	1.987
270.0	2.848	1.990
272.0	2.855	1.992
274.0	2.862	1.995
276.0	2.870	1.998
278.0	2.877	2.000
280.0	2.884	2.003
282.0	2.891	2.005
284.0	2.898	2.008
286.0	2.905	2.010
288.0	2.913	2.013
290.0	2.920	2.015
292.0	2.927	2.018
294.0	2.934	2.021
296.0	2.941	2.023
298.0	2.948	2.026
300.0	2.956	2.028
305.0	2.973	2.034
310.0	2.991	2.041
315.0	3.009	2.047
320.0	3.027	2.054
325.0	3.045	2.060
330.0	3.063	2.066
335.0	3.081	2.073
340.0	3.099	2.079
345.0	3.116	2.085
350.0	3.134	2.092
360.0	3.170	2.105
370.0	3.206	2.118
380.0	3.242	2.130
390.0	3.278	2.143
400.0	3.314	2.157
420.0	3.387	2.183
440.0	3.460	2.210
450.0	3.496	2.223
460.0	3.533	2.237
480.0	3.607	2.264
500.0	3.682	2.292
520.0	3.758	2.321
540.0	3.834	2.350
550.0	3.873	2.364
560.0	3.911	2.379
580.0	3.989	2.409
600.0	4.068	2.440
620.0	4.148	2.471
640.0	4.229	2.503
650.0	4.269	2.520
660.0	4.311	2.536
680.0	4.393	2.569
700.0	4.477	2.603
720.0	4.563	2.638
740.0	4.649	2.674
750.0	4.693	2.692
760.0	4.737	2.710
780.0	4.826	2.747
800.0	4.916	2.785
820.0	5.007	2.823
840.0	5.100	2.863
850.0	5.147	2.883
860.0	5.195	2.903
880.0	5.291	2.945
900.0	5.388	2.987
920.0	5.487	3.030
940.0	5.588	3.074
950.0	5.639	3.096
960.0	5.690	3.119
980.0	5.794	3.165
